            0          1         2  ...       388379       388380       388381
0   37.852632  71.478947  7.478947  ...     0.000000     0.000000     0.000000
1   34.842105  76.342105  6.326316  ...     0.000000     0.000000     0.000000
2   40.389474  72.947368  7.478947  ...     0.000000     0.000000     0.000000
3   39.926316  71.115789  8.105263  ...  2877.361111  2866.277778  2842.138889
4   34.631579  77.052632  7.421053  ...     0.000000     0.000000     0.000000
5   34.631579  77.226316  8.026316  ...     0.000000     0.000000     0.000000
6   34.821053  69.947368  7.400000  ...     0.000000     0.000000     0.000000
7   34.989474  69.694737  7.394737  ...     0.000000     0.000000     0.000000
8   39.705263  75.726316  8.094737  ...     0.000000     0.000000     0.000000
9   40.336842  75.663158  7.563158  ...     0.000000     0.000000     0.000000
10  40.600000  75.742105  7.621053  ...     0.000000     0.000000     0.000000
11  39.663158  73.531579  8.073684  ...     0.000000     0.000000     0.000000
12  40.210526  75.615789  7.600000  ...     0.000000     0.000000     0.000000
13  40.252632  73.436842  7.473684  ...     0.000000     0.000000     0.000000
14  40.505263  75.552632  7.563158  ...     0.000000     0.000000     0.000000
15  34.652632  76.657895  7.347368  ...     0.000000     0.000000     0.000000
16  40.178947  74.226316  7.494737  ...     0.000000     0.000000     0.000000

[17 rows x 388382 columns]
normalize took 21.36 seconds
            0          1          2  ...    388379    388380    388381
0   14.366175  29.107270  18.092640  ...  0.000000  0.000000  0.000000
1   13.223593  31.087618  15.304260  ...  0.000000  0.000000  0.000000
2   15.328980  29.705232  18.092640  ...  0.000000  0.000000  0.000000
3   15.153198  28.959386  19.607788  ...  4.123106  4.123106  4.123106
4   13.143692  31.376955  17.952585  ...  0.000000  0.000000  0.000000
5   13.143692  31.447682  19.416803  ...  0.000000  0.000000  0.000000
6   13.215603  28.483588  17.901656  ...  0.000000  0.000000  0.000000
7   13.279523  28.380713  17.888923  ...  0.000000  0.000000  0.000000
8   15.069303  30.836860  19.582323  ...  0.000000  0.000000  0.000000
9   15.309005  30.811141  18.296358  ...  0.000000  0.000000  0.000000
10  15.408881  30.843290  18.436413  ...  0.000000  0.000000  0.000000
11  15.053322  29.943131  19.531394  ...  0.000000  0.000000  0.000000
12  15.261065  30.791852  18.385484  ...  0.000000  0.000000  0.000000
13  15.277045  29.904553  18.079908  ...  0.000000  0.000000  0.000000
14  15.372926  30.766133  18.296358  ...  0.000000  0.000000  0.000000
15  13.151682  31.216213  17.774332  ...  0.000000  0.000000  0.000000
16  15.249079  30.226038  18.130837  ...  0.000000  0.000000  0.000000

[17 rows x 303502 columns]
0     41.412
1     37.948
2     36.505
3     35.745
4     34.475
5     40.496
6     42.420
7     39.675
8     38.257
9     37.270
10    36.719
11    38.205
12    37.095
13    36.532
14    37.045
15    37.911
16    37.088
Name: Depth, dtype: float64
[0.83089868 0.93246572 0.96835668 0.98824682 0.99782015 0.99840359
 0.99873045 0.99900208 0.99923012 0.99942061 0.99956245 0.99968659
 0.99979651 0.9998801  0.99994302 1.         1.        ]
Number of Selected Features: 2
Reduced Data Size : (17, 2)
dynamicPCA took 163.24 seconds
PCA Data Reduced : [[ 277.19745998  -12.93682916]
 [ 278.34868789  -11.7690025 ]
 [-576.31323173  650.27151629]
 [ 277.20692978    2.91939955]
 [ 271.72162123   -8.80284974]
 [ 252.65369533  -22.06669825]
 [ 253.85938622  -22.35166174]
 [ 274.01254304  -10.1683082 ]
 [ 273.40622788  -10.31349603]
 [ 255.78841974  -24.29549107]
 [ 273.82907006  -10.05898549]
 [ 257.5232818   -25.0777718 ]
 [-933.69404581 -154.70317622]
 [-976.5242607  -145.21299643]
 [ 259.22754282  -25.01684474]
 [-976.52768353 -145.5596091 ]
 [ 258.28435599  -24.85719537]]
PCA Data Reduced Shape : (17, 2)
Number of Selected Components: 2
Reduced Data Size : (17, 2)
dynamicKernelPCA took 1.73 seconds
Kernel PCA Data Reduced with Linear : [[-277.19745998  -12.93682916]
 [-278.34868789  -11.7690025 ]
 [ 576.31323173  650.27151629]
 [-277.20692978    2.91939955]
 [-271.72162123   -8.80284974]
 [-252.65369533  -22.06669825]
 [-253.85938622  -22.35166174]
 [-274.01254304  -10.1683082 ]
 [-273.40622788  -10.31349603]
 [-255.78841974  -24.29549107]
 [-273.82907006  -10.05898549]
 [-257.5232818   -25.0777718 ]
 [ 933.69404581 -154.70317622]
 [ 976.5242607  -145.21299643]
 [-259.22754282  -25.01684474]
 [ 976.52768353 -145.5596091 ]
 [-258.28435599  -24.85719537]]
Kernel PCA Data Reduced Shape Linear : (17, 2)
Regression Coefficient with PCA : [ 0.00096398 -0.00147323]
Regression Coefficient with KPCA : [-0.00096398 -0.00147323]

fit took 0.02 seconds
LOOCV of PCR with PCA using MSE : 208.3308
fit took 0.02 seconds
LOOCV of PCR with PCA using MAPE : 0.1357
PCR with PCA using R² : 0.07035668126101524


fit took 0.02 seconds
LOOCV of PCR with KPCA using MSE : 208.3308
fit took 0.02 seconds
LOOCV of PCR with KPCA using MAPE : 0.1357
PCR with PCA using R² : 0.07035668126101491
